19406
19446
19020
19944
16455
46819
19307
10172
12224
19217
11898
13553
13040
13449
12232
19566
40197
19557
15636
11055
12989
17671
19038
12965
10277
10268
12637
10545
10924
12931
15335
13428
10027
13032
11722
46908
13330
18654
10998
19941
19248
11588
15326
15318
10656
10444
10993
10331
11626
12476
12482
13511
12639
12875
11660
12583
40265
10046
10053
10069
10168
10171
10263
10547
10555
10590
10864
10896
10959
17812
17825
10969
11214
11215
11393
19004
19018
19909
11416
11447
11718
11800
11967
12009
12336
12337
12597
12720
12817
12948
12996
13087
13151
13344
13575
14189
14484
14676
16053
16314
16412
16415
16649
17290
17461
17559
17614
17649
17674